1.499069049896996630e-01 -4.436536801379702133e-02 -3.770607065927645413e-02 1.553741285938606796e-02 -4.004191474231520720e-02 6.206782246579793140e-03 -4.004697937800804882e-04 8.006260691946489108e-03 -7.212652375866740895e-04 1.365237930660471478e-03
-2.271353063276401185e-01 1.823460617772461280e-03 8.655836986274799416e-02 -6.204485122692177806e-02 3.383114862717111204e-02 -2.184057049224466182e-02 6.162714866156733702e-04 -7.572626160168952373e-04 -5.609660538633228985e-03 -5.573189432592528733e-03
7.606247425865833023e-01 -3.441688946290356044e-01 -5.118644097369988710e-01 -1.707174925905318441e-01 7.569903714361635172e-02 -4.171552256953376531e-02 1.169324096503705952e-02 -2.875795595913925411e-03 -2.309892739539204723e-02 -6.081977576416706249e-02
-9.120070808386842032e-01 -2.793669088203760698e-01 1.733213051796105020e-02 2.535732172287971653e-01 5.009744923605206207e-02 -1.015394354872421190e-01 5.594162134803832426e-02 -1.681893225690405530e-02 8.872550955081007218e-02 -3.863763200311264717e-02
-1.070633217804158460e-01 -1.358552488370100113e-02 -7.797224139958825948e-03 -5.969288499177224407e-03 3.298379722459810447e-03 6.676554209376089725e-03 -2.191693600505007899e-03 -2.270552671988205866e-03 -3.676123499821675692e-03 1.273642290960585663e-03
-4.329794401656763408e-02 8.563004423643611222e-04 3.227991767175842752e-03 -1.104907448451438942e-02 1.393031499042955701e-03 6.145677769084229025e-03 5.754539835501537234e-03 1.352896096070881852e-03 -5.855335433097878448e-04 5.000137289213799595e-03
-2.664012126779943257e-01 -9.263258178031989754e-02 2.426786494678127848e-01 -1.842331847655515401e-02 7.379969849033924875e-03 9.181120476774459402e-03 3.297556947383566833e-02 -1.405426540213721570e-02 -2.548078779552943179e-02 3.344294000934457806e-02
-3.630916300670414265e-02 -1.475982384263153230e-02 -3.793720352709394755e-02 -1.056054136129357113e-02 4.099302615088382118e-03 -2.085269700223566901e-03 -3.529339003737605646e-04 -3.376963858393552606e-03 7.273286351104503444e-03 -5.289709725627178864e-04
-2.069105893048120426e-02 -2.269261970059819125e-02 -1.259077798769455032e-02 -1.964147929666551842e-02 -8.353840908262908206e-04 7.890201528052287125e-03 -8.328277549591001864e-04 -3.039800390344660729e-03 -8.653807092417655899e-04 -4.491213452549915920e-03
-1.837884259672916132e-01 -5.560535279519854268e-02 -7.598825824689404030e-04 3.477132762753987107e-03 -4.176712427637585025e-03 -6.793986549936380410e-03 6.100898294669215675e-03 -1.305146038478334838e-02 -2.709933729204438459e-03 2.343670074752204815e-03
-2.728629178473997996e-01 3.319422489250087316e-02 -6.034759962560134333e-02 8.264861965357944706e-03 2.245958217426849077e-02 -1.300105258329277598e-02 -2.710474322085899227e-03 2.873057802740042188e-02 -1.875884963409521836e-02 5.644340979386444634e-03
3.307624989555928985e-01 -1.944140353557842760e-01 -1.802366902660874123e-03 -5.139961437181543580e-02 -4.501151331950133117e-02 1.747696974666467298e-02 -8.123263805466778703e-03 -9.590056206329654331e-03 3.691522082838814942e-04 -8.781607233311046132e-03
-4.467620614299571691e-01 -8.160206983666983297e-04 -5.824445719151532391e-02 -1.591802900404636067e-02 6.295933725243708923e-02 -4.598954729414905102e-02 1.941730418677706238e-02 6.617185749057420512e-03 -4.883486703603374599e-03 -3.772113442407151393e-03
1.015410265989333399e-01 -4.729067451790001236e-02 1.251133077431798059e-02 -5.684097450935079142e-03 -3.544568927389882967e-02 2.996552435515129759e-02 -5.000133161732751678e-03 -2.151536918690538300e-02 -1.802217248328957799e-02 -5.159009911637860678e-03
-3.671144593530566852e-02 2.366109513893265362e-02 -5.383046041088694784e-03 5.169627554082427932e-03 -1.120212437370270153e-02 -5.028546184721620869e-03 -3.562178132641927869e-03 -7.095100239764233659e-03 -1.728813344240041211e-02 -1.635646374990654822e-02
-1.587187554500492370e-01 -2.828295613745347714e-02 -2.320538500796740650e-02 -1.744814936684508863e-02 -1.049680446824503323e-02 9.936702922064401342e-04 5.989185557399552030e-03 3.796603200970448139e-03 -8.798292614987494181e-03 6.252518575419148406e-03
-3.869183664045217075e-02 -3.882407957985301028e-02 -7.636737482124827253e-03 -1.587370544903053725e-03 -1.709882263938970401e-02 1.674558590804692097e-03 -1.714068105063031207e-03 4.882478923259100782e-04 1.638729778412265775e-02 -1.451646120584751225e-02
-9.246795676634000927e-02 -2.137483392010481806e-02 -1.940058091913563973e-02 -4.555268365286665837e-03 1.670809491310084509e-03 1.629431067441415928e-03 -3.072678438994365727e-03 -3.789832886944346450e-03 3.395710608005989223e-04 1.997002970076165122e-03
