1.499069052674011637e-01 -4.436536828576723851e-02 -3.770607059349701667e-02 1.553741281868095854e-02 -4.004191446713619568e-02 6.206782423555801641e-03 -4.004697649643796319e-04 8.006260691953264938e-03 -7.212667799487543739e-04 1.365225129879614301e-03
-2.271353069711477823e-01 1.823460383486545742e-03 8.655836970351757365e-02 -6.204485118291903217e-02 3.383114875566006763e-02 -2.184057068758727196e-02 6.162715859723028478e-04 -7.572628327382433530e-04 -5.609658185609957964e-03 -5.573174191110588475e-03
7.606247424564026582e-01 -3.441688945701328883e-01 -5.118644096493940587e-01 -1.707174925613117455e-01 7.569903713064024542e-02 -4.171552256252664126e-02 1.169324095115642677e-02 -2.875795655619716937e-03 -2.309892400889304934e-02 -6.081977985183411456e-02
-9.120070785089334775e-01 -2.793669081067239879e-01 1.733213047368644191e-02 2.535732165810378747e-01 5.009744910799421302e-02 -1.015394352285134971e-01 5.594162117397616374e-02 -1.681893250865323583e-02 8.872550611612370353e-02 -3.863770530142029286e-02
-1.070633221934485096e-01 -1.358552456241155122e-02 -7.797223942254937964e-03 -5.969288457697346714e-03 3.298379368507192363e-03 6.676554781804736743e-03 -2.191693703495508141e-03 -2.270552771080120661e-03 -3.676124127661313610e-03 1.273643719996370768e-03
-4.329794394054814477e-02 8.563004875716401232e-04 3.227991755732900672e-03 -1.104907451685014502e-02 1.393031472538669739e-03 6.145677724455279184e-03 5.754539862291043611e-03 1.352896122693740717e-03 -5.855336107896736732e-04 5.000137586924448263e-03
-2.664012123305037338e-01 -9.263258183842046356e-02 2.426786497548687471e-01 -1.842331920290703542e-02 7.379969512342434215e-03 9.181121163078826905e-03 3.297556904877022715e-02 -1.405426523824284020e-02 -2.548078588170511402e-02 3.344294648488580629e-02
-3.630916299480672904e-02 -1.475982392792850838e-02 -3.793720351709754107e-02 -1.056054138589376107e-02 4.099302661615200974e-03 -2.085269727692630817e-03 -3.529338822914023085e-04 -3.376963864864683963e-03 7.273285979885321315e-03 -5.289708884013101173e-04
-2.069105907516859827e-02 -2.269261981329196570e-02 -1.259077752099356518e-02 -1.964147965694531400e-02 -8.353845692040328622e-04 7.890201606136793000e-03 -8.328276046037462596e-04 -3.039800174453170713e-03 -8.653812017296338933e-04 -4.491215526397951928e-03
-1.837884256014296613e-01 -5.560535256193398918e-02 -7.598830440937520215e-04 3.477133069421494901e-03 -4.176712311547948857e-03 -6.793987368926637099e-03 6.100897809957079795e-03 -1.305146024644084947e-02 -2.709933611799289488e-03 2.343670868762964734e-03
-2.728629178112983444e-01 3.319422490134840698e-02 -6.034759969825387316e-02 8.264861964102088177e-03 2.245958217106030358e-02 -1.300105258150115878e-02 -2.710474310995671533e-03 2.873057799692371739e-02 -1.875884962705670622e-02 5.644341277296921304e-03
3.307624989557703676e-01 -1.944140353798315679e-01 -1.802366842731336445e-03 -5.139961435445208893e-02 -4.501151332301260577e-02 1.747696973201868717e-02 -8.123263806585104621e-03 -9.590056186175909339e-03 3.691522293455734354e-04 -8.781607768024385710e-03
-4.467620617897777868e-01 -8.160201695557757614e-04 -5.824445715689267888e-02 -1.591802933638382725e-02 6.295933750568598330e-02 -4.598954735463094134e-02 1.941730407550562587e-02 6.617186317541282059e-03 -4.883487767176447961e-03 -3.772117097200272749e-03
1.015410263393077689e-01 -4.729067372722477181e-02 1.251133075870320549e-02 -5.684097451846386630e-03 -3.544568927698844851e-02 2.996552431263345417e-02 -5.000133159460004584e-03 -2.151536940336321035e-02 -1.802217212151492262e-02 -5.159009518671497235e-03
-3.671144581011882152e-02 2.366109491113106006e-02 -5.383045892036159713e-03 5.169627325213999383e-03 -1.120212437555582682e-02 -5.028546216110993741e-03 -3.562178088089884391e-03 -7.095100368998661505e-03 -1.728813401500576413e-02 -1.635646637504697964e-02
-1.587187582257003349e-01 -2.828295407874922493e-02 -2.320538650894599444e-02 -1.744815095378716985e-02 -1.049680333815485901e-02 9.936715350769469504e-04 5.989185253921755318e-03 3.796603213540315595e-03 -8.798291233029657821e-03 6.252542168137780430e-03
-3.869183662759319992e-02 -3.882407961259835144e-02 -7.636737492336731492e-03 -1.587370544492480674e-03 -1.709882266740908943e-02 1.674558571070367246e-03 -1.714068087783252904e-03 4.882478570684361629e-04 1.638729760362251861e-02 -1.451646091232294648e-02
-9.246795603420167320e-02 -2.137483392786164102e-02 -1.940058111393782453e-02 -4.555268621946859803e-03 1.670809622331320471e-03 1.629431270617574552e-03 -3.072678603838331895e-03 -3.789832884399688823e-03 3.395724979641147204e-04 1.997002473777815482e-03
